neighborhoodsExplored,nonTabuNeighborhoodsExplored,betterNonTabuNeighborhoodsExplored,worseNonTabuNeighborhoodsExplored,tabuNeighborhoodsExplored,legalNeighborhoodsExplored,betterLegalNeighborhoodsExplored,worseLegalNeighborhoodsExplored,start,end,duration,cost,costWithPenalty,penalty,softConstraintViolations
1796355,1781716,3497,1778219,14639,122640,0,122640,Sat Jun 25 14:42:21 CEST 2011,Sat Jun 25 14:56:07 CEST 2011,826226,135281,135281.0,0.0,0
2069100,2053850,4623,2049227,15250,129831,0,129831,Sat Jun 25 14:42:21 CEST 2011,Sat Jun 25 14:57:10 CEST 2011,889427,129935,129935.0,0.0,0
2166285,2151512,4896,2146616,14773,158817,0,158817,Sat Jun 25 14:42:21 CEST 2011,Sat Jun 25 14:57:23 CEST 2011,901729,132680,132680.0,0.0,0
1962510,1953720,4275,1949445,8790,172011,0,172011,Sat Jun 25 14:42:21 CEST 2011,Sat Jun 25 14:56:24 CEST 2011,843220,135029,135029.0,0.0,0
1664685,1650484,3523,1646961,14201,120111,0,120111,Sat Jun 25 14:42:21 CEST 2011,Sat Jun 25 14:55:00 CEST 2011,759569,128291,128291.0,0.0,0
3671085,3640551,8639,3631912,30534,257448,0,257448,Sat Jun 25 14:42:21 CEST 2011,Sat Jun 25 15:00:03 CEST 2011,1062582,127481,127481.0,0.0,0
2567565,2546185,5993,2540192,21380,233619,0,233619,Sat Jun 25 14:42:21 CEST 2011,Sat Jun 25 14:59:08 CEST 2011,1007417,131271,131271.0,0.0,0
2395140,2378553,5662,2372891,16587,196953,0,196953,Sat Jun 25 14:42:21 CEST 2011,Sat Jun 25 14:58:34 CEST 2011,972877,130295,130295.0,0.0,0
1802625,1786461,3595,1782866,16164,124272,0,124272,Sat Jun 25 14:42:21 CEST 2011,Sat Jun 25 14:55:58 CEST 2011,816848,133315,133315.0,0.0,0
2426490,2402671,4897,2397774,23819,135447,0,135447,Sat Jun 25 14:42:21 CEST 2011,Sat Jun 25 14:58:54 CEST 2011,993461,133412,133412.0,0.0,0
3373260,3346526,7294,3339232,26734,227586,0,227586,Sat Jun 25 14:42:21 CEST 2011,Sat Jun 25 14:59:58 CEST 2011,1056769,129636,129636.0,0.0,0
1812030,1793286,4978,1788308,18744,97659,0,97659,Sat Jun 25 14:42:21 CEST 2011,Sat Jun 25 14:56:10 CEST 2011,829455,130577,130577.0,0.0,0
2761935,2738333,6263,2732070,23602,182688,0,182688,Sat Jun 25 14:42:21 CEST 2011,Sat Jun 25 14:59:30 CEST 2011,1029086,128457,128457.0,0.0,0
1843380,1824743,4262,1820481,18637,95295,0,95295,Sat Jun 25 14:42:21 CEST 2011,Sat Jun 25 14:56:35 CEST 2011,853605,134481,134481.0,0.0,0
4041015,4004798,9454,3995344,36217,298761,0,298761,Sat Jun 25 14:42:21 CEST 2011,Sat Jun 25 15:00:11 CEST 2011,1070083,125416,125416.0,0.0,0
2542485,2517893,4700,2513193,24592,179493,0,179493,Sat Jun 25 14:42:21 CEST 2011,Sat Jun 25 14:59:04 CEST 2011,1003118,124101,124101.0,0.0,0
2457840,2436358,4864,2431494,21482,168810,0,168810,Sat Jun 25 14:42:22 CEST 2011,Sat Jun 25 14:58:48 CEST 2011,985982,127302,127302.0,0.0,0
2385735,2363481,5841,2357640,22254,142491,0,142491,Sat Jun 25 14:42:22 CEST 2011,Sat Jun 25 14:58:53 CEST 2011,991488,128948,128948.0,0.0,0
2392005,2372163,5403,2366760,19842,142665,0,142665,Sat Jun 25 14:42:22 CEST 2011,Sat Jun 25 14:58:43 CEST 2011,981400,129678,129678.0,0.0,0
3191430,3163784,5561,3158223,27646,188625,0,188625,Sat Jun 25 14:42:22 CEST 2011,Sat Jun 25 14:59:52 CEST 2011,1050025,128971,128971.0,0.0,0
1655280,1640556,3910,1636646,14724,98100,0,98100,Sat Jun 25 14:42:22 CEST 2011,Sat Jun 25 14:55:36 CEST 2011,794801,131928,131928.0,0.0,0
1783815,1765459,4090,1761369,18356,103359,0,103359,Sat Jun 25 14:42:22 CEST 2011,Sat Jun 25 14:55:53 CEST 2011,811586,130557,130557.0,0.0,0
2689830,2666788,5718,2661070,23042,174081,0,174081,Sat Jun 25 14:42:22 CEST 2011,Sat Jun 25 14:59:28 CEST 2011,1025841,126570,126570.0,0.0,0
1645875,1632000,3339,1628661,13875,104829,0,104829,Sat Jun 25 14:42:22 CEST 2011,Sat Jun 25 14:55:11 CEST 2011,769748,133988,133988.0,0.0,0
2598915,2574213,5689,2568524,24702,168852,0,168852,Sat Jun 25 14:42:22 CEST 2011,Sat Jun 25 14:59:19 CEST 2011,1016564,128742,128742.0,0.0,0
3034680,3002857,6231,2996626,31823,160161,0,160161,Sat Jun 25 14:42:22 CEST 2011,Sat Jun 25 14:59:47 CEST 2011,1045360,131020,131020.0,0.0,0
2097315,2078286,4878,2073408,19029,146223,0,146223,Sat Jun 25 14:42:22 CEST 2011,Sat Jun 25 14:57:17 CEST 2011,895495,128544,128544.0,0.0,0
2366925,2347122,5566,2341556,19803,123723,0,123723,Sat Jun 25 14:42:22 CEST 2011,Sat Jun 25 14:58:43 CEST 2011,980779,126683,126683.0,0.0,0
2671020,2646135,5974,2640161,24885,198243,0,198243,Sat Jun 25 14:42:22 CEST 2011,Sat Jun 25 14:59:27 CEST 2011,1025385,126020,126020.0,0.0,0
2542485,2517893,4701,2513192,24592,179493,0,179493,Sat Jun 25 14:42:22 CEST 2011,Sat Jun 25 14:59:11 CEST 2011,1008985,124101,124101.0,0.0,0
2385735,2363481,5841,2357640,22254,142491,0,142491,Sat Jun 25 14:42:22 CEST 2011,Sat Jun 25 14:58:58 CEST 2011,996488,128948,128948.0,0.0,0
2366925,2347122,5566,2341556,19803,123723,0,123723,Sat Jun 25 14:42:22 CEST 2011,Sat Jun 25 14:58:48 CEST 2011,986030,126683,126683.0,0.0,0
2442165,2424730,5876,2418854,17435,151104,0,151104,Sat Jun 25 14:42:22 CEST 2011,Sat Jun 25 14:59:04 CEST 2011,1001481,131575,131575.0,0.0,0
2166285,2152456,4571,2147885,13829,153726,0,153726,Sat Jun 25 14:42:22 CEST 2011,Sat Jun 25 14:57:37 CEST 2011,914869,127122,127122.0,0.0,0
2348115,2325676,5453,2320223,22439,168954,0,168954,Sat Jun 25 14:42:22 CEST 2011,Sat Jun 25 14:58:33 CEST 2011,971353,127506,127506.0,0.0,0
1636470,1619425,3597,1615828,17045,78072,0,78072,Sat Jun 25 14:42:22 CEST 2011,Sat Jun 25 14:55:28 CEST 2011,786243,134094,134094.0,0.0,0
1793220,1779182,3780,1775402,14038,127236,0,127236,Sat Jun 25 14:42:22 CEST 2011,Sat Jun 25 14:56:07 CEST 2011,824547,125943,125943.0,0.0,0
2382600,2360347,5844,2354503,22253,142434,0,142434,Sat Jun 25 14:42:22 CEST 2011,Sat Jun 25 14:58:56 CEST 2011,993417,128948,128948.0,0.0,0
3191430,3163784,5561,3158223,27646,188625,0,188625,Sat Jun 25 14:42:22 CEST 2011,Sat Jun 25 14:59:55 CEST 2011,1053072,128971,128971.0,0.0,0
2692965,2668966,5550,2663416,23999,172362,0,172362,Sat Jun 25 14:42:22 CEST 2011,Sat Jun 25 14:59:23 CEST 2011,1021156,127452,127452.0,0.0,0
