neighborhoodsExplored,nonTabuNeighborhoodsExplored,betterNonTabuNeighborhoodsExplored,worseNonTabuNeighborhoodsExplored,tabuNeighborhoodsExplored,legalNeighborhoodsExplored,betterLegalNeighborhoodsExplored,worseLegalNeighborhoodsExplored,start,end,duration,cost,costWithPenalty,penalty,softConstraintViolations
878794,870850,1669,869181,7944,40499,0,40499,Sat Jun 25 22:21:25 CEST 2011,Sat Jun 25 22:26:25 CEST 2011,299985,127677,127677.0,0.0,0
896685,891735,1638,890097,4950,56537,0,56537,Sat Jun 25 22:21:25 CEST 2011,Sat Jun 25 22:26:25 CEST 2011,299960,133438,133438.0,0.0,0
919119,914330,1580,912750,4789,57284,0,57284,Sat Jun 25 22:21:25 CEST 2011,Sat Jun 25 22:26:25 CEST 2011,299946,131742,131742.0,0.0,0
888184,884361,1485,882876,3823,73830,0,73830,Sat Jun 25 22:21:25 CEST 2011,Sat Jun 25 22:26:25 CEST 2011,299943,129165,129165.0,0.0,0
847559,844840,1541,843299,2719,80183,0,80183,Sat Jun 25 22:21:25 CEST 2011,Sat Jun 25 22:26:25 CEST 2011,299932,131928,131928.0,0.0,0
892727,887513,1507,886006,5214,58600,0,58600,Sat Jun 25 22:21:25 CEST 2011,Sat Jun 25 22:26:25 CEST 2011,299921,127329,127329.0,0.0,0
893789,886724,1632,885092,7065,62658,0,62658,Sat Jun 25 22:21:25 CEST 2011,Sat Jun 25 22:26:25 CEST 2011,299713,129267,129267.0,0.0,0
898065,893102,1514,891588,4963,71609,0,71609,Sat Jun 25 22:21:25 CEST 2011,Sat Jun 25 22:26:25 CEST 2011,299795,132291,132291.0,0.0,0
938479,931785,1655,930130,6694,66153,0,66153,Sat Jun 25 22:21:25 CEST 2011,Sat Jun 25 22:26:25 CEST 2011,299805,130264,130264.0,0.0,0
901666,895135,1605,893530,6531,57752,0,57752,Sat Jun 25 22:21:25 CEST 2011,Sat Jun 25 22:26:25 CEST 2011,299795,128875,128875.0,0.0,0
871763,867916,1659,866257,3847,68374,0,68374,Sat Jun 25 22:21:25 CEST 2011,Sat Jun 25 22:26:25 CEST 2011,299749,133981,133981.0,0.0,0
877802,872424,1393,871031,5378,57546,0,57546,Sat Jun 25 22:21:25 CEST 2011,Sat Jun 25 22:26:25 CEST 2011,299612,133731,133731.0,0.0,0
899855,893095,1530,891565,6760,52465,0,52465,Sat Jun 25 22:21:25 CEST 2011,Sat Jun 25 22:26:25 CEST 2011,299588,130682,130682.0,0.0,0
838867,834709,1486,833223,4158,50272,0,50272,Sat Jun 25 22:21:25 CEST 2011,Sat Jun 25 22:26:25 CEST 2011,299588,133301,133301.0,0.0,0
918652,911393,1618,909775,7259,54848,0,54848,Sat Jun 25 22:21:25 CEST 2011,Sat Jun 25 22:26:25 CEST 2011,299200,131646,131646.0,0.0,0
913557,907894,1693,906201,5663,61250,0,61250,Sat Jun 25 22:21:25 CEST 2011,Sat Jun 25 22:26:25 CEST 2011,299210,129373,129373.0,0.0,0
875951,870733,1399,869334,5218,50499,0,50499,Sat Jun 25 22:21:25 CEST 2011,Sat Jun 25 22:26:25 CEST 2011,299215,133041,133041.0,0.0,0
910257,905864,1478,904386,4393,58707,0,58707,Sat Jun 25 22:21:25 CEST 2011,Sat Jun 25 22:26:25 CEST 2011,299215,131610,131610.0,0.0,0
899115,893198,1622,891576,5917,70613,0,70613,Sat Jun 25 22:21:25 CEST 2011,Sat Jun 25 22:26:25 CEST 2011,299350,128729,128729.0,0.0,0
918980,912112,1647,910465,6868,84880,0,84880,Sat Jun 25 22:21:25 CEST 2011,Sat Jun 25 22:26:25 CEST 2011,299252,127135,127135.0,0.0,0
911535,906213,1531,904682,5322,61757,0,61757,Sat Jun 25 22:21:25 CEST 2011,Sat Jun 25 22:26:25 CEST 2011,299369,127927,127927.0,0.0,0
882175,874134,1529,872605,8041,52523,0,52523,Sat Jun 25 22:21:25 CEST 2011,Sat Jun 25 22:26:25 CEST 2011,299350,128334,128334.0,0.0,0
867266,861662,1577,860085,5604,45037,0,45037,Sat Jun 25 22:21:25 CEST 2011,Sat Jun 25 22:26:25 CEST 2011,299387,135445,135445.0,0.0,0
854970,845729,1497,844232,9241,37417,0,37417,Sat Jun 25 22:21:25 CEST 2011,Sat Jun 25 22:26:25 CEST 2011,299381,129793,129793.0,0.0,0
894634,888606,1487,887119,6028,64253,0,64253,Sat Jun 25 22:21:25 CEST 2011,Sat Jun 25 22:26:25 CEST 2011,299403,132376,132376.0,0.0,0
874846,869866,1603,868263,4980,55345,0,55345,Sat Jun 25 22:21:25 CEST 2011,Sat Jun 25 22:26:25 CEST 2011,299419,133720,133720.0,0.0,0
878597,874985,1402,873583,3612,72404,0,72404,Sat Jun 25 22:21:26 CEST 2011,Sat Jun 25 22:26:25 CEST 2011,299039,132743,132743.0,0.0,0
901859,896967,1541,895426,4892,83821,0,83821,Sat Jun 25 22:21:25 CEST 2011,Sat Jun 25 22:26:25 CEST 2011,299391,128553,128553.0,0.0,0
857608,851125,1533,849592,6483,56609,0,56609,Sat Jun 25 22:21:26 CEST 2011,Sat Jun 25 22:26:25 CEST 2011,299038,130452,130452.0,0.0,0
917698,911268,1663,909605,6430,70820,0,70820,Sat Jun 25 22:21:26 CEST 2011,Sat Jun 25 22:26:25 CEST 2011,299040,130816,130816.0,0.0,0
904880,898902,1634,897268,5978,70928,0,70928,Sat Jun 25 22:21:26 CEST 2011,Sat Jun 25 22:26:25 CEST 2011,299009,128729,128729.0,0.0,0
872207,864025,1614,862411,8182,52588,0,52588,Sat Jun 25 22:21:26 CEST 2011,Sat Jun 25 22:26:25 CEST 2011,299027,131775,131775.0,0.0,0
886229,880103,1624,878479,6126,66942,0,66942,Sat Jun 25 22:21:26 CEST 2011,Sat Jun 25 22:26:25 CEST 2011,298708,130816,130816.0,0.0,0
848572,842562,1458,841104,6010,57001,0,57001,Sat Jun 25 22:21:26 CEST 2011,Sat Jun 25 22:26:25 CEST 2011,298831,129139,129139.0,0.0,0
895041,891267,1646,889621,3774,69132,0,69132,Sat Jun 25 22:21:26 CEST 2011,Sat Jun 25 22:26:25 CEST 2011,299008,129674,129674.0,0.0,0
907115,902276,1660,900616,4839,72239,0,72239,Sat Jun 25 22:21:26 CEST 2011,Sat Jun 25 22:26:25 CEST 2011,298696,133869,133869.0,0.0,0
856515,848819,1515,847304,7696,58000,0,58000,Sat Jun 25 22:21:26 CEST 2011,Sat Jun 25 22:26:25 CEST 2011,298862,132899,132899.0,0.0,0
874036,866017,1409,864608,8019,42630,0,42630,Sat Jun 25 22:21:26 CEST 2011,Sat Jun 25 22:26:25 CEST 2011,298865,131676,131676.0,0.0,0
847035,838940,1556,837384,8095,40481,0,40481,Sat Jun 25 22:21:26 CEST 2011,Sat Jun 25 22:26:25 CEST 2011,298841,135673,135673.0,0.0,0
894179,887423,1561,885862,6756,61976,0,61976,Sat Jun 25 22:21:26 CEST 2011,Sat Jun 25 22:26:25 CEST 2011,298852,131381,131381.0,0.0,0
