neighborhoodsExplored,nonTabuNeighborhoodsExplored,betterNonTabuNeighborhoodsExplored,worseNonTabuNeighborhoodsExplored,tabuNeighborhoodsExplored,legalNeighborhoodsExplored,betterLegalNeighborhoodsExplored,worseLegalNeighborhoodsExplored,start,end,duration,cost,costWithPenalty,penalty,softConstraintViolations
1946868,1924482,710,1923772,22386,90867,0,90867,Sat Jun 25 11:48:15 CEST 2011,Sat Jun 25 12:00:44 CEST 2011,748874,138401,138401.0,0.0,0
1691382,1672267,631,1671636,19115,93355,0,93355,Sat Jun 25 11:48:15 CEST 2011,Sat Jun 25 11:59:27 CEST 2011,672052,139079,139079.0,0.0,0
1704318,1687210,685,1686525,17108,74153,0,74153,Sat Jun 25 11:48:15 CEST 2011,Sat Jun 25 11:59:39 CEST 2011,683386,137674,137674.0,0.0,0
3356892,3323571,1412,3322159,33321,212675,0,212675,Sat Jun 25 11:48:15 CEST 2011,Sat Jun 25 12:03:10 CEST 2011,894578,133367,133367.0,0.0,0
2072994,2054763,912,2053851,18231,110719,0,110719,Sat Jun 25 11:48:16 CEST 2011,Sat Jun 25 12:01:14 CEST 2011,777717,133920,133920.0,0.0,0
2878260,2850760,1283,2849477,27500,176377,0,176377,Sat Jun 25 11:48:16 CEST 2011,Sat Jun 25 12:02:43 CEST 2011,866379,129860,129860.0,0.0,0
1704318,1690528,828,1689700,13790,124434,0,124434,Sat Jun 25 11:48:16 CEST 2011,Sat Jun 25 11:59:14 CEST 2011,657313,135290,135290.0,0.0,0
1772232,1751975,702,1751273,20257,92371,0,92371,Sat Jun 25 11:48:16 CEST 2011,Sat Jun 25 11:59:52 CEST 2011,696072,134315,134315.0,0.0,0
4705470,4668983,2316,4666667,36487,282470,0,282470,Sat Jun 25 11:48:16 CEST 2011,Sat Jun 25 12:03:53 CEST 2011,936865,132389,132389.0,0.0,0
1681680,1663539,640,1662899,18141,77188,0,77188,Sat Jun 25 11:48:16 CEST 2011,Sat Jun 25 11:59:25 CEST 2011,669166,139951,139951.0,0.0,0
2571030,2551641,1242,2550399,19389,143439,0,143439,Sat Jun 25 11:48:16 CEST 2011,Sat Jun 25 12:02:12 CEST 2011,835370,134500,134500.0,0.0,0
1704318,1690528,828,1689700,13790,124434,0,124434,Sat Jun 25 11:48:16 CEST 2011,Sat Jun 25 11:59:11 CEST 2011,654971,135290,135290.0,0.0,0
4055436,4029694,2125,4027569,25742,284424,0,284424,Sat Jun 25 11:48:16 CEST 2011,Sat Jun 25 12:03:36 CEST 2011,920228,132996,132996.0,0.0,0
1885422,1865052,834,1864218,20370,78287,0,78287,Sat Jun 25 11:48:16 CEST 2011,Sat Jun 25 12:00:26 CEST 2011,730103,133387,133387.0,0.0,0
1869252,1850061,734,1849327,19191,93412,0,93412,Sat Jun 25 11:48:16 CEST 2011,Sat Jun 25 12:00:28 CEST 2011,731470,139324,139324.0,0.0,0
1678446,1659476,644,1658832,18970,88032,0,88032,Sat Jun 25 11:48:16 CEST 2011,Sat Jun 25 11:59:21 CEST 2011,664870,134355,134355.0,0.0,0
1733424,1714310,677,1713633,19114,90523,0,90523,Sat Jun 25 11:48:16 CEST 2011,Sat Jun 25 11:59:50 CEST 2011,693944,135709,135709.0,0.0,0
5054742,5007557,2176,5005381,47185,277260,0,277260,Sat Jun 25 11:48:17 CEST 2011,Sat Jun 25 12:04:00 CEST 2011,942595,136160,136160.0,0.0,0
1678446,1659770,668,1659102,18676,76234,0,76234,Sat Jun 25 11:48:16 CEST 2011,Sat Jun 25 11:59:14 CEST 2011,657668,138878,138878.0,0.0,0
1898358,1879827,826,1879001,18531,93295,0,93295,Sat Jun 25 11:48:17 CEST 2011,Sat Jun 25 12:00:31 CEST 2011,734261,135316,135316.0,0.0,0
2383458,2366921,1430,2365491,16537,199542,0,199542,Sat Jun 25 11:48:16 CEST 2011,Sat Jun 25 12:01:59 CEST 2011,823513,134045,134045.0,0.0,0
2354352,2330348,975,2329373,24004,105803,0,105803,Sat Jun 25 11:48:16 CEST 2011,Sat Jun 25 12:01:59 CEST 2011,823099,138387,138387.0,0.0,0
1924230,1905898,797,1905101,18332,95363,0,95363,Sat Jun 25 11:48:16 CEST 2011,Sat Jun 25 12:00:42 CEST 2011,746117,130719,130719.0,0.0,0
1756062,1744777,922,1743855,11285,130499,0,130499,Sat Jun 25 11:48:16 CEST 2011,Sat Jun 25 11:59:37 CEST 2011,681022,135083,135083.0,0.0,0
2176482,2157857,1008,2156849,18625,125138,0,125138,Sat Jun 25 11:48:16 CEST 2011,Sat Jun 25 12:01:21 CEST 2011,785512,134512,134512.0,0.0,0
1778700,1762858,809,1762049,15842,95811,0,95811,Sat Jun 25 11:48:16 CEST 2011,Sat Jun 25 11:59:59 CEST 2011,703046,136767,136767.0,0.0,0
2179716,2156375,850,2155525,23341,97258,0,97258,Sat Jun 25 11:48:16 CEST 2011,Sat Jun 25 12:01:32 CEST 2011,796211,135491,135491.0,0.0,0
2005080,1993564,1061,1992503,11516,188198,0,188198,Sat Jun 25 11:48:16 CEST 2011,Sat Jun 25 12:00:47 CEST 2011,751224,136137,136137.0,0.0,0
1704318,1689101,860,1688241,15217,116723,0,116723,Sat Jun 25 11:48:16 CEST 2011,Sat Jun 25 11:59:39 CEST 2011,683365,137496,137496.0,0.0,0
2189418,2170433,1042,2169391,18985,144597,0,144597,Sat Jun 25 11:48:16 CEST 2011,Sat Jun 25 12:01:30 CEST 2011,794420,136289,136289.0,0.0,0
2347884,2327922,1047,2326875,19962,160363,0,160363,Sat Jun 25 11:48:15 CEST 2011,Sat Jun 25 12:01:52 CEST 2011,816593,133927,133927.0,0.0,0
1985676,1965879,861,1965018,19797,109467,0,109467,Sat Jun 25 11:48:15 CEST 2011,Sat Jun 25 12:00:59 CEST 2011,763915,135403,135403.0,0.0,0
2228226,2205343,899,2204444,22883,99201,0,99201,Sat Jun 25 11:48:15 CEST 2011,Sat Jun 25 12:01:43 CEST 2011,807267,135202,135202.0,0.0,0
2884728,2855742,1212,2854530,28986,171228,0,171228,Sat Jun 25 11:48:15 CEST 2011,Sat Jun 25 12:02:47 CEST 2011,871368,136553,136553.0,0.0,0
2503116,2480362,1116,2479246,22754,128891,0,128891,Sat Jun 25 11:48:15 CEST 2011,Sat Jun 25 12:02:15 CEST 2011,839793,136834,136834.0,0.0,0
1985676,1965879,861,1965018,19797,109467,0,109467,Sat Jun 25 11:48:15 CEST 2011,Sat Jun 25 12:01:00 CEST 2011,764249,135403,135403.0,0.0,0
1827210,1806144,784,1805360,21066,116071,0,116071,Sat Jun 25 11:48:15 CEST 2011,Sat Jun 25 12:00:17 CEST 2011,721746,137683,137683.0,0.0,0
3977820,3945929,1877,3944052,31891,252437,0,252437,Sat Jun 25 11:48:15 CEST 2011,Sat Jun 25 12:03:35 CEST 2011,919596,134215,134215.0,0.0,0
2600136,2584884,1380,2583504,15252,213584,0,213584,Sat Jun 25 11:48:15 CEST 2011,Sat Jun 25 12:02:15 CEST 2011,839538,130501,130501.0,0.0,0
3347190,3318747,1608,3317139,28443,225994,0,225994,Sat Jun 25 11:48:15 CEST 2011,Sat Jun 25 12:03:13 CEST 2011,897372,133344,133344.0,0.0,0
