neighborhoodsExplored,nonTabuNeighborhoodsExplored,betterNonTabuNeighborhoodsExplored,worseNonTabuNeighborhoodsExplored,tabuNeighborhoodsExplored,legalNeighborhoodsExplored,betterLegalNeighborhoodsExplored,worseLegalNeighborhoodsExplored,start,end,duration,cost,costWithPenalty,penalty,softConstraintViolations
2810610,2788544,4323,2784221,22066,177030,0,177030,Sat Jun 25 07:05:59 CEST 2011,Sat Jun 25 07:21:45 CEST 2011,945995,127080,127080.0,0.0,0
3642012,3619569,5474,3614095,22443,251115,0,251115,Sat Jun 25 07:05:59 CEST 2011,Sat Jun 25 07:23:23 CEST 2011,1044325,128790,128790.0,0.0,0
1915254,1896103,3317,1892786,19151,96521,0,96521,Sat Jun 25 07:05:59 CEST 2011,Sat Jun 25 07:18:19 CEST 2011,740696,132878,132878.0,0.0,0
2982276,2960801,4602,2956199,21475,208685,0,208685,Sat Jun 25 07:05:59 CEST 2011,Sat Jun 25 07:21:57 CEST 2011,958611,130573,130573.0,0.0,0
2800512,2777268,4420,2772848,23244,159406,0,159406,Sat Jun 25 07:05:59 CEST 2011,Sat Jun 25 07:21:34 CEST 2011,935424,130327,130327.0,0.0,0
3668940,3642433,5979,3636454,26507,264626,0,264626,Sat Jun 25 07:05:59 CEST 2011,Sat Jun 25 07:23:28 CEST 2011,1048841,132723,132723.0,0.0,0
4136814,4108501,6399,4102102,28313,312692,0,312692,Sat Jun 25 07:05:59 CEST 2011,Sat Jun 25 07:23:59 CEST 2011,1080481,127560,127560.0,0.0,0
4608054,4569925,7528,4562397,38129,290706,0,290706,Sat Jun 25 07:05:59 CEST 2011,Sat Jun 25 07:24:14 CEST 2011,1094987,126009,126009.0,0.0,0
2440350,2425703,3881,2421822,14647,209662,0,209662,Sat Jun 25 07:05:59 CEST 2011,Sat Jun 25 07:20:20 CEST 2011,860870,125577,125577.0,0.0,0
2989008,2959410,5001,2954409,29598,182360,0,182360,Sat Jun 25 07:05:59 CEST 2011,Sat Jun 25 07:22:15 CEST 2011,975599,130701,130701.0,0.0,0
2803878,2783541,4976,2778565,20337,181534,0,181534,Sat Jun 25 07:05:59 CEST 2011,Sat Jun 25 07:21:44 CEST 2011,944582,133324,133324.0,0.0,0
1861398,1842495,2782,1839713,18903,97306,0,97306,Sat Jun 25 07:05:59 CEST 2011,Sat Jun 25 07:18:03 CEST 2011,723339,131676,131676.0,0.0,0
4433022,4396234,6824,4389410,36788,334870,0,334870,Sat Jun 25 07:05:59 CEST 2011,Sat Jun 25 07:24:08 CEST 2011,1089071,123884,123884.0,0.0,0
5782788,5738662,8391,5730271,44126,417857,0,417857,Sat Jun 25 07:05:59 CEST 2011,Sat Jun 25 07:24:38 CEST 2011,1119215,123153,123153.0,0.0,0
2558160,2544603,4018,2540585,13557,193600,0,193600,Sat Jun 25 07:05:59 CEST 2011,Sat Jun 25 07:20:39 CEST 2011,880091,132700,132700.0,0.0,0
1996038,1974479,3017,1971462,21559,113364,0,113364,Sat Jun 25 07:05:59 CEST 2011,Sat Jun 25 07:18:42 CEST 2011,762367,130908,130908.0,0.0,0
1814274,1794722,2777,1791945,19552,96580,0,96580,Sat Jun 25 07:05:59 CEST 2011,Sat Jun 25 07:17:49 CEST 2011,710127,129248,129248.0,0.0,0
2817342,2795447,4223,2791224,21895,177911,0,177911,Sat Jun 25 07:05:59 CEST 2011,Sat Jun 25 07:21:47 CEST 2011,948090,128338,128338.0,0.0,0
1851300,1834344,2932,1831412,16956,98816,0,98816,Sat Jun 25 07:05:59 CEST 2011,Sat Jun 25 07:17:56 CEST 2011,716563,135449,135449.0,0.0,0
3887730,3858577,6614,3851963,29153,277212,0,277212,Sat Jun 25 07:05:59 CEST 2011,Sat Jun 25 07:23:45 CEST 2011,1065713,130751,130751.0,0.0,0
1945548,1924598,3576,1921022,20950,94592,0,94592,Sat Jun 25 07:05:59 CEST 2011,Sat Jun 25 07:18:36 CEST 2011,756543,131472,131472.0,0.0,0
3426588,3402978,5265,3397713,23610,255761,0,255761,Sat Jun 25 07:05:59 CEST 2011,Sat Jun 25 07:22:56 CEST 2011,1016584,130020,130020.0,0.0,0
1807542,1789281,3108,1786173,18261,84989,0,84989,Sat Jun 25 07:05:59 CEST 2011,Sat Jun 25 07:17:35 CEST 2011,696180,128900,128900.0,0.0,0
2356200,2333341,3674,2329667,22859,117493,0,117493,Sat Jun 25 07:05:59 CEST 2011,Sat Jun 25 07:20:15 CEST 2011,856246,129885,129885.0,0.0,0
3063060,3042668,4668,3038000,20392,337462,0,337462,Sat Jun 25 07:05:59 CEST 2011,Sat Jun 25 07:22:23 CEST 2011,984368,124747,124747.0,0.0,0
2154240,2132466,3569,2128897,21774,113876,0,113876,Sat Jun 25 07:05:59 CEST 2011,Sat Jun 25 07:19:31 CEST 2011,812058,130356,130356.0,0.0,0
3884364,3851861,6419,3845442,32503,255617,0,255617,Sat Jun 25 07:05:59 CEST 2011,Sat Jun 25 07:23:52 CEST 2011,1073219,128545,128545.0,0.0,0
3510738,3483211,5497,3477714,27527,269901,0,269901,Sat Jun 25 07:05:59 CEST 2011,Sat Jun 25 07:23:08 CEST 2011,1028522,129945,129945.0,0.0,0
4486878,4449381,6940,4442441,37497,287400,0,287400,Sat Jun 25 07:05:59 CEST 2011,Sat Jun 25 07:24:13 CEST 2011,1094049,131720,131720.0,0.0,0
1935450,1917377,2918,1914459,18073,118477,0,118477,Sat Jun 25 07:05:59 CEST 2011,Sat Jun 25 07:18:19 CEST 2011,740114,126020,126020.0,0.0,0
1807542,1789281,3108,1786173,18261,84989,0,84989,Sat Jun 25 07:05:59 CEST 2011,Sat Jun 25 07:17:56 CEST 2011,717166,128900,128900.0,0.0,0
1757052,1738781,2828,1735953,18271,97995,0,97995,Sat Jun 25 07:05:59 CEST 2011,Sat Jun 25 07:17:35 CEST 2011,695985,135493,135493.0,0.0,0
2063358,2048075,3009,2045066,15283,164715,0,164715,Sat Jun 25 07:05:59 CEST 2011,Sat Jun 25 07:19:10 CEST 2011,790658,134588,134588.0,0.0,0
2645676,2626314,3951,2622363,19362,286016,0,286016,Sat Jun 25 07:05:59 CEST 2011,Sat Jun 25 07:21:13 CEST 2011,913982,130580,130580.0,0.0,0
1881594,1862093,3331,1858762,19501,76619,0,76619,Sat Jun 25 07:05:59 CEST 2011,Sat Jun 25 07:18:36 CEST 2011,757121,134175,134175.0,0.0,0
2275416,2252789,4063,2248726,22627,104155,0,104155,Sat Jun 25 07:05:59 CEST 2011,Sat Jun 25 07:20:02 CEST 2011,842685,130325,130325.0,0.0,0
1767150,1754277,2931,1751346,12873,107702,0,107702,Sat Jun 25 07:05:59 CEST 2011,Sat Jun 25 07:17:32 CEST 2011,692422,134473,134473.0,0.0,0
2002770,1983087,3311,1979776,19683,155924,0,155924,Sat Jun 25 07:05:59 CEST 2011,Sat Jun 25 07:19:08 CEST 2011,788854,131997,131997.0,0.0,0
4150278,4127721,6868,4120853,22557,339904,0,339904,Sat Jun 25 07:06:00 CEST 2011,Sat Jun 25 07:23:59 CEST 2011,1079354,127416,127416.0,0.0,0
2834172,2810224,4326,2805898,23948,233187,0,233187,Sat Jun 25 07:06:00 CEST 2011,Sat Jun 25 07:21:58 CEST 2011,958841,128169,128169.0,0.0,0
