neighborhoodsExplored,nonTabuNeighborhoodsExplored,betterNonTabuNeighborhoodsExplored,worseNonTabuNeighborhoodsExplored,tabuNeighborhoodsExplored,legalNeighborhoodsExplored,betterLegalNeighborhoodsExplored,worseLegalNeighborhoodsExplored,start,end,duration,cost,costWithPenalty,penalty,softConstraintViolations
1728342,1725569,4245,1721324,2773,161450,0,161450,Sat Jun 25 16:01:45 CEST 2011,Sat Jun 25 16:13:33 CEST 2011,708681,127547,127547.0,0.0,0
2383920,2380602,4779,2375823,3318,147876,0,147876,Sat Jun 25 16:01:45 CEST 2011,Sat Jun 25 16:15:43 CEST 2011,837929,131170,131170.0,0.0,0
1759560,1755653,5195,1750458,3907,131006,0,131006,Sat Jun 25 16:01:45 CEST 2011,Sat Jun 25 16:14:54 CEST 2011,788775,133583,133583.0,0.0,0
1734018,1729900,4628,1725272,4118,125266,0,125266,Sat Jun 25 16:01:45 CEST 2011,Sat Jun 25 16:14:52 CEST 2011,787545,133250,133250.0,0.0,0
2242020,2237632,6679,2230953,4388,154374,0,154374,Sat Jun 25 16:01:45 CEST 2011,Sat Jun 25 16:15:40 CEST 2011,835002,126444,126444.0,0.0,0
1538196,1534829,4097,1530732,3367,149980,0,149980,Sat Jun 25 16:01:45 CEST 2011,Sat Jun 25 16:14:08 CEST 2011,743166,134004,134004.0,0.0,0
1895784,1892851,3963,1888888,2933,167568,0,167568,Sat Jun 25 16:01:45 CEST 2011,Sat Jun 25 16:14:45 CEST 2011,780000,128651,128651.0,0.0,0
1946868,1943641,4803,1938838,3227,140384,0,140384,Sat Jun 25 16:01:45 CEST 2011,Sat Jun 25 16:15:26 CEST 2011,820682,129612,129612.0,0.0,0
3374382,3369388,7871,3361517,4994,256052,0,256052,Sat Jun 25 16:01:46 CEST 2011,Sat Jun 25 16:16:45 CEST 2011,899186,124429,124429.0,0.0,0
1515492,1511467,3813,1507654,4025,135916,0,135916,Sat Jun 25 16:01:46 CEST 2011,Sat Jun 25 16:13:58 CEST 2011,732889,133857,133857.0,0.0,0
2477574,2472329,5639,2466690,5245,218886,0,218886,Sat Jun 25 16:01:46 CEST 2011,Sat Jun 25 16:16:01 CEST 2011,854922,127808,127808.0,0.0,0
2074578,2070398,5765,2064633,4180,189810,0,189810,Sat Jun 25 16:01:46 CEST 2011,Sat Jun 25 16:16:20 CEST 2011,873951,131700,131700.0,0.0,0
2230668,2224649,5645,2219004,6019,162682,0,162682,Sat Jun 25 16:01:46 CEST 2011,Sat Jun 25 16:15:37 CEST 2011,831655,131122,131122.0,0.0,0
1541034,1538217,3861,1534356,2817,96188,0,96188,Sat Jun 25 16:01:46 CEST 2011,Sat Jun 25 16:12:53 CEST 2011,667142,127545,127545.0,0.0,0
2696100,2690044,7414,2682630,6056,196066,0,196066,Sat Jun 25 16:01:46 CEST 2011,Sat Jun 25 16:16:33 CEST 2011,887222,129954,129954.0,0.0,0
2230668,2224649,5645,2219004,6019,162682,0,162682,Sat Jun 25 16:01:46 CEST 2011,Sat Jun 25 16:15:39 CEST 2011,833522,131122,131122.0,0.0,0
1572252,1570067,4177,1565890,2185,148124,0,148124,Sat Jun 25 16:01:46 CEST 2011,Sat Jun 25 16:12:56 CEST 2011,669866,134770,134770.0,0.0,0
1535358,1533055,2927,1530128,2303,141728,0,141728,Sat Jun 25 16:01:46 CEST 2011,Sat Jun 25 16:13:02 CEST 2011,675944,133126,133126.0,0.0,0
2014980,2011297,5142,2006155,3683,186038,0,186038,Sat Jun 25 16:01:46 CEST 2011,Sat Jun 25 16:14:51 CEST 2011,784827,128207,128207.0,0.0,0
2645016,2640522,5737,2634785,4494,204944,0,204944,Sat Jun 25 16:01:46 CEST 2011,Sat Jun 25 16:16:21 CEST 2011,875007,129248,129248.0,0.0,0
1745370,1742766,4422,1738344,2604,130786,0,130786,Sat Jun 25 16:01:46 CEST 2011,Sat Jun 25 16:14:10 CEST 2011,743806,130189,130189.0,0.0,0
2298780,2292854,6202,2286652,5926,200298,0,200298,Sat Jun 25 16:01:46 CEST 2011,Sat Jun 25 16:16:14 CEST 2011,868146,126789,126789.0,0.0,0
1907136,1903725,4163,1899562,3411,119208,0,119208,Sat Jun 25 16:01:45 CEST 2011,Sat Jun 25 16:14:58 CEST 2011,792212,132179,132179.0,0.0,0
1770912,1766599,3973,1762626,4313,145220,0,145220,Sat Jun 25 16:01:46 CEST 2011,Sat Jun 25 16:13:59 CEST 2011,733699,129089,129089.0,0.0,0
3737646,3731649,9190,3722459,5997,321432,0,321432,Sat Jun 25 16:01:45 CEST 2011,Sat Jun 25 16:16:57 CEST 2011,911591,127236,127236.0,0.0,0
2009304,2006193,5437,2000756,3111,138646,0,138646,Sat Jun 25 16:01:45 CEST 2011,Sat Jun 25 16:15:10 CEST 2011,804760,128039,128039.0,0.0,0
1501302,1498281,3811,1494470,3021,105268,0,105268,Sat Jun 25 16:01:45 CEST 2011,Sat Jun 25 16:13:13 CEST 2011,687734,128810,128810.0,0.0,0
1492788,1489393,3419,1485974,3395,113406,0,113406,Sat Jun 25 16:01:45 CEST 2011,Sat Jun 25 16:12:35 CEST 2011,649833,130505,130505.0,0.0,0
1748208,1741607,4229,1737378,6601,187052,0,187052,Sat Jun 25 16:01:45 CEST 2011,Sat Jun 25 16:14:12 CEST 2011,746375,131823,131823.0,0.0,0
1546710,1542132,3848,1538284,4578,131964,0,131964,Sat Jun 25 16:01:45 CEST 2011,Sat Jun 25 16:13:57 CEST 2011,731655,129723,129723.0,0.0,0
2139852,2137439,5184,2132255,2413,139952,0,139952,Sat Jun 25 16:01:45 CEST 2011,Sat Jun 25 16:15:29 CEST 2011,823469,134992,134992.0,0.0,0
1484274,1481008,3425,1477583,3266,135552,0,135552,Sat Jun 25 16:01:45 CEST 2011,Sat Jun 25 16:13:57 CEST 2011,732019,131322,131322.0,0.0,0
1495626,1492751,4063,1488688,2875,139584,0,139584,Sat Jun 25 16:01:45 CEST 2011,Sat Jun 25 16:14:34 CEST 2011,769324,136040,136040.0,0.0,0
1938354,1934934,4243,1930691,3420,186702,0,186702,Sat Jun 25 16:01:45 CEST 2011,Sat Jun 25 16:15:19 CEST 2011,813584,130969,130969.0,0.0,0
3941982,3936166,9014,3927152,5816,334012,0,334012,Sat Jun 25 16:01:45 CEST 2011,Sat Jun 25 16:16:59 CEST 2011,914362,129588,129588.0,0.0,0
1773750,1770325,5131,1765194,3425,145524,0,145524,Sat Jun 25 16:01:45 CEST 2011,Sat Jun 25 16:15:10 CEST 2011,804490,130915,130915.0,0.0,0
2548524,2544561,6371,2538190,3963,203996,0,203996,Sat Jun 25 16:01:45 CEST 2011,Sat Jun 25 16:16:23 CEST 2011,877762,132185,132185.0,0.0,0
1802130,1798661,5219,1793442,3469,146928,0,146928,Sat Jun 25 16:01:45 CEST 2011,Sat Jun 25 16:15:15 CEST 2011,809680,130915,130915.0,0.0,0
1734018,1731377,3112,1728265,2641,108024,0,108024,Sat Jun 25 16:01:45 CEST 2011,Sat Jun 25 16:13:38 CEST 2011,712630,133008,133008.0,0.0,0
2304456,2298528,6173,2292355,5928,201036,0,201036,Sat Jun 25 16:01:45 CEST 2011,Sat Jun 25 16:16:13 CEST 2011,868184,126789,126789.0,0.0,0
