neighborhoodsExplored,nonTabuNeighborhoodsExplored,betterNonTabuNeighborhoodsExplored,worseNonTabuNeighborhoodsExplored,tabuNeighborhoodsExplored,legalNeighborhoodsExplored,betterLegalNeighborhoodsExplored,worseLegalNeighborhoodsExplored,start,end,duration,cost,costWithPenalty,penalty,softConstraintViolations
244629,242950,4184,238766,1679,19244,0,19244,Sat Jun 25 15:16:54 CEST 2011,Sat Jun 25 15:18:23 CEST 2011,88608,136552,136552.0,0.0,0
154308,153251,2387,150864,1057,12926,0,12926,Sat Jun 25 15:16:54 CEST 2011,Sat Jun 25 15:18:05 CEST 2011,70938,138088,138088.0,0.0,0
222684,221295,3945,217350,1389,17466,0,17466,Sat Jun 25 15:16:54 CEST 2011,Sat Jun 25 15:18:18 CEST 2011,83709,135345,135345.0,0.0,0
138138,136715,2176,134539,1423,12072,0,12072,Sat Jun 25 15:16:54 CEST 2011,Sat Jun 25 15:17:58 CEST 2011,63296,133371,133371.0,0.0,0
130053,129105,2124,126981,948,11185,0,11185,Sat Jun 25 15:16:54 CEST 2011,Sat Jun 25 15:17:50 CEST 2011,55781,136682,136682.0,0.0,0
272349,270293,4671,265622,2056,20774,0,20774,Sat Jun 25 15:16:54 CEST 2011,Sat Jun 25 15:18:23 CEST 2011,88408,137746,137746.0,0.0,0
207207,205927,3387,202540,1280,17991,0,17991,Sat Jun 25 15:16:55 CEST 2011,Sat Jun 25 15:18:18 CEST 2011,83340,136154,136154.0,0.0,0
140679,139851,2414,137437,828,10886,0,10886,Sat Jun 25 15:16:54 CEST 2011,Sat Jun 25 15:18:01 CEST 2011,66524,137254,137254.0,0.0,0
208131,206645,3640,203005,1486,18684,0,18684,Sat Jun 25 15:16:55 CEST 2011,Sat Jun 25 15:18:21 CEST 2011,86559,134040,134040.0,0.0,0
195888,194663,3344,191319,1225,20489,0,20489,Sat Jun 25 15:16:55 CEST 2011,Sat Jun 25 15:18:17 CEST 2011,82333,137040,137040.0,0.0,0
243705,241916,4231,237685,1789,17104,0,17104,Sat Jun 25 15:16:55 CEST 2011,Sat Jun 25 15:18:19 CEST 2011,84578,134482,134482.0,0.0,0
155463,154369,2690,151679,1094,12000,0,12000,Sat Jun 25 15:16:55 CEST 2011,Sat Jun 25 15:18:03 CEST 2011,68045,135623,135623.0,0.0,0
229152,227734,4175,223559,1418,20243,0,20243,Sat Jun 25 15:16:55 CEST 2011,Sat Jun 25 15:18:23 CEST 2011,87797,136662,136662.0,0.0,0
287364,285375,5651,279724,1989,25208,0,25208,Sat Jun 25 15:16:55 CEST 2011,Sat Jun 25 15:18:27 CEST 2011,91309,138131,138131.0,0.0,0
342342,339351,7091,332260,2991,28991,0,28991,Sat Jun 25 15:16:55 CEST 2011,Sat Jun 25 15:18:28 CEST 2011,92918,134806,134806.0,0.0,0
158928,157920,4774,153146,1008,12678,0,12678,Sat Jun 25 15:16:55 CEST 2011,Sat Jun 25 15:18:20 CEST 2011,84322,133611,133611.0,0.0,0
139755,138750,2378,136372,1005,10838,0,10838,Sat Jun 25 15:16:55 CEST 2011,Sat Jun 25 15:18:03 CEST 2011,68029,134660,134660.0,0.0,0
192885,190807,3161,187646,2078,13204,0,13204,Sat Jun 25 15:16:55 CEST 2011,Sat Jun 25 15:18:13 CEST 2011,77481,137160,137160.0,0.0,0
195195,193621,3777,189844,1574,16253,0,16253,Sat Jun 25 15:16:56 CEST 2011,Sat Jun 25 15:18:16 CEST 2011,80579,140350,140350.0,0.0,0
227535,225990,4872,221118,1545,16954,0,16954,Sat Jun 25 15:16:55 CEST 2011,Sat Jun 25 15:18:23 CEST 2011,87494,134783,134783.0,0.0,0
181566,180309,4806,175503,1257,16556,0,16556,Sat Jun 25 15:16:55 CEST 2011,Sat Jun 25 15:18:19 CEST 2011,83876,136293,136293.0,0.0,0
165165,163974,2478,161496,1191,19981,0,19981,Sat Jun 25 15:16:55 CEST 2011,Sat Jun 25 15:18:03 CEST 2011,68206,137771,137771.0,0.0,0
119658,118714,1961,116753,944,12016,0,12016,Sat Jun 25 15:16:55 CEST 2011,Sat Jun 25 15:17:51 CEST 2011,55585,136989,136989.0,0.0,0
253407,251752,4378,247374,1655,22535,0,22535,Sat Jun 25 15:16:55 CEST 2011,Sat Jun 25 15:18:23 CEST 2011,87627,136145,136145.0,0.0,0
354354,351891,6084,345807,2463,25685,0,25685,Sat Jun 25 15:16:55 CEST 2011,Sat Jun 25 15:18:27 CEST 2011,92454,133347,133347.0,0.0,0
159390,158216,3985,154231,1174,10989,0,10989,Sat Jun 25 15:16:55 CEST 2011,Sat Jun 25 15:18:08 CEST 2011,72650,138368,138368.0,0.0,0
293832,291661,4812,286849,2171,24281,0,24281,Sat Jun 25 15:16:55 CEST 2011,Sat Jun 25 15:18:26 CEST 2011,91250,136874,136874.0,0.0,0
179487,178213,2838,175375,1274,13429,0,13429,Sat Jun 25 15:16:55 CEST 2011,Sat Jun 25 15:18:08 CEST 2011,73318,135992,135992.0,0.0,0
168399,167278,2707,164571,1121,13082,0,13082,Sat Jun 25 15:16:55 CEST 2011,Sat Jun 25 15:18:09 CEST 2011,73715,135825,135825.0,0.0,0
158466,157367,2948,154419,1099,11884,0,11884,Sat Jun 25 15:16:55 CEST 2011,Sat Jun 25 15:18:03 CEST 2011,68393,137528,137528.0,0.0,0
142989,142081,2720,139361,908,12020,0,12020,Sat Jun 25 15:16:55 CEST 2011,Sat Jun 25 15:18:06 CEST 2011,71566,140197,140197.0,0.0,0
128667,127762,2355,125407,905,12885,0,12885,Sat Jun 25 15:16:55 CEST 2011,Sat Jun 25 15:17:49 CEST 2011,54334,137962,137962.0,0.0,0
305151,303259,5147,298112,1892,24731,0,24731,Sat Jun 25 15:16:55 CEST 2011,Sat Jun 25 15:18:27 CEST 2011,91756,135567,135567.0,0.0,0
198429,197111,3481,193630,1318,19430,0,19430,Sat Jun 25 15:16:55 CEST 2011,Sat Jun 25 15:18:13 CEST 2011,78817,135986,135986.0,0.0,0
129822,128700,2812,125888,1122,12219,0,12219,Sat Jun 25 15:16:55 CEST 2011,Sat Jun 25 15:17:57 CEST 2011,62381,139327,139327.0,0.0,0
200970,199652,3414,196238,1318,15775,0,15775,Sat Jun 25 15:16:55 CEST 2011,Sat Jun 25 15:18:16 CEST 2011,81120,134064,134064.0,0.0,0
330561,328145,6251,321894,2416,27768,0,27768,Sat Jun 25 15:16:55 CEST 2011,Sat Jun 25 15:18:28 CEST 2011,92844,137955,137955.0,0.0,0
159390,158216,3985,154231,1174,10989,0,10989,Sat Jun 25 15:16:55 CEST 2011,Sat Jun 25 15:18:08 CEST 2011,73525,138368,138368.0,0.0,0
201201,199787,3888,195899,1414,14747,0,14747,Sat Jun 25 15:16:55 CEST 2011,Sat Jun 25 15:18:14 CEST 2011,79776,134701,134701.0,0.0,0
127512,126762,1850,124912,750,11753,0,11753,Sat Jun 25 15:16:55 CEST 2011,Sat Jun 25 15:17:46 CEST 2011,50878,139543,139543.0,0.0,0
